gaussi_10_SNR: 13.587306463911492
gaussi_30_SNR 4.080806566065323
sap_im_05_SNR: 1.562283546593133
sap_im_10_SNR: -1.0283779996657938
box_g_10_3_SNR: 17.727585816293413
box_g_10_5_SNR: 14.856616057422812
box_g_30_3_SNR: 12.536006121117659
box_g_30_5_SNR: 13.312321040242509
box_s_05_3_SNR: 9.4517938167569
box_s_05_5_SNR: 11.16141693393654
box_s_10_3_SNR: 6.321438666772665
box_s_10_5_SNR: 8.524620205767382
med_g_10_3_SNR: 17.63446773025801
med_g_10_5_SNR: 15.99671300176976
med_g_30_3_SNR: 11.077574524183806
med_g_30_5_SNR: 12.916361812264176
med_s_05_3_SNR: 19.133413374046366
med_s_05_5_SNR: 16.40833700542617
med_s_10_3_SNR: 15.012910819656192
med_s_10_5_SNR: 15.668562658318288
otc_g_10_SNR: 3.9266057302606234
otc_g_30_SNR: 4.107430690405622
otc_s_05_SNR: 2.6806942346541787
otc_s_10_SNR: -2.552056620336209
cto_g_10_SNR: 3.8646538989710866
cto_g_30_SNR: 3.3904340087657503
cto_s_05_SNR: 1.7036350721689564
cto_s_10_SNR: -3.842574753118739
